username,password,title
test01,1111,测试比对样品 - 稿件管理
test02,1111,测试比对样品 - 登录
test01,2222,测试比对样品 - 登录
